S,1,2,1,1,1,1,-17,1,0,100,100,100,100,100,10,10,10,10,10,30,30,30,30,30,100,100,100,100,100,10,20,30,40,50,50,50,50,50,50,10,20,30,40,50,10,20,30,40,50,10,20,30,40,50,70,70,70,70,70,30,30,30,30,30,10,20,30,40,50,-1,500,1000,500,500,-1,1000,500,1000,1000,-1,1000,500,500,1000,-1

AFH,1,55,0
AFM,1,9,9,9,4,2,5,5,5,4,-13,-10,-15,-16,-15,-15,-13,-12,-12,8,8,8,8,10,10,20,20,20,150,150,150,150,150,150,150,150,150,3,9,0,1,1,0,10,150,-85,-64,-40,-25,0,-95,-58,-30,-18,-11,5,-85,-64,-40,-25,0,-95,-59,-30,-19,-10,5,230,230,120,120,2,0,4,0,2,0,4,0,-10,-20,25,150,-1,300
AFP,1,9,9,9,4,2,5,5,5,4,-14,-13,-20,-22,-20,-20,-14,-12,-12,8,8,8,8,10,10,20,20,20,150,150,150,150,150,150,150,150,150,3,8,0,1,0,-3,10,150,-85,-64,-40,-25,0,-95,-58,-30,-20,-12,5,-85,-64,-40,-25,0,-95,-59,-30,-20,-13,5,230,230,120,120,2,0,4,0,2,0,4,0,-10,-20,25,150,-1,300
AFC,1,6,7,9,6,6,9,5,3,1,-13,-10,-15,-15,-14,-13,-10,-12,-12,8,8,8,8,10,10,20,20,20,150,150,150,150,150,150,150,150,150,3,9,0,1,2,0,10,150,-85,-64,-40,-25,0,-95,-58,-33,-21,-12,5,-85,-64,-40,-25,0,-95,-59,-32,-20,-12,5,230,230,120,120,2,0,4,0,2,0,4,0,-10,-20,25,150,-1,300
AFB,1,9,9,9,4,2,4,5,5,4,-14,-13,-19,-21,-19,-18,-13,-12,-12,8,8,8,8,10,10,20,20,20,150,150,150,150,150,150,150,150,150,3,9,0,1,0,-2,10,150,-85,-64,-40,-25,0,-95,-58,-30,-18,-11,5,-85,-64,-40,-25,0,-95,-59,-30,-20,-11,5,230,230,120,120,2,0,4,0,2,0,4,0,-10,-20,25,150,-1,300
AFAM,1,1,180,190,1,1,345,140,-6,1,515,180,-6,1,710,210,-8,1,990,280,-5,1,2500,1400,-14,1,4350,1500,2,1,6600,1600,2,1,8000,1000,2,1,9500,1600,-6,1,13600,2200,-7,2,14500,1200,2,0,5800,1600,1,0,9600,2400,3,0,1600,400,-2,0,3100,700,2,0,6500,800,-2,0,12000,4000,-2,0,1500,1000,-1,0,1000,200,7
AFAP,1,1,180,190,1,1,345,140,-9,1,515,180,-11,1,710,210,-14,1,990,280,-9,1,2500,1400,-18,1,4350,1500,2,1,6600,1600,2,1,8000,1000,2,1,9500,1600,-7,1,13600,2200,-7,2,14500,1200,2,0,5800,1600,1,0,9600,2400,3,0,1600,400,-2,0,3100,700,2,0,6500,800,-2,0,12000,4000,-2,0,1500,1000,-1,0,1000,200,7
AFAC,1,1,180,190,1,1,345,140,-6,1,515,180,-6,1,710,210,-8,1,990,280,-3,1,2500,1400,-13,1,4350,1500,2,1,6600,1600,2,1,8000,1000,2,1,9500,1600,-6,1,13600,2200,-7,2,14500,1200,2,0,5800,1600,1,0,9600,2400,3,0,1600,400,-2,0,3100,700,2,0,6500,800,-2,0,12000,4000,-2,0,1500,1000,-1,0,1000,200,7
AFAB,1,1,180,190,1,1,345,140,-6,1,515,180,-7,1,710,210,-9,1,990,280,-6,1,2500,1400,-15,1,4350,1500,2,1,6600,1600,2,1,8000,1000,2,1,9500,1600,-6,1,13600,2200,-7,2,14500,1200,2,0,5800,1600,1,0,9600,2400,3,0,1600,400,-2,0,3100,700,2,0,6500,800,-2,0,12000,4000,-2,0,1500,1000,-1,0,1000,200,7
AMH,1,55,0
AMM,1,9,9,9,4,2,5,5,5,4,-13,-10,-15,-16,-15,-15,-13,-12,-12,8,8,8,8,10,10,20,20,20,150,150,150,150,150,150,150,150,150,3,9,0,1,1,0,10,150,-85,-64,-40,-25,0,-95,-58,-30,-18,-11,5,-85,-64,-40,-25,0,-95,-59,-30,-19,-10,5,230,230,120,120,2,0,4,0,2,0,4,0,-10,-20,25,150,-1,300
AMP,1,9,9,9,4,2,5,5,5,4,-14,-13,-20,-22,-20,-20,-14,-12,-12,8,8,8,8,10,10,20,20,20,150,150,150,150,150,150,150,150,150,3,8,0,1,0,-3,10,150,-85,-64,-40,-25,0,-95,-58,-30,-20,-12,5,-85,-64,-40,-25,0,-95,-59,-30,-20,-13,5,230,230,120,120,2,0,4,0,2,0,4,0,-10,-20,25,150,-1,300
AMC,1,6,7,9,6,6,9,5,3,1,-13,-10,-15,-15,-14,-13,-10,-12,-12,8,8,8,8,10,10,20,20,20,150,150,150,150,150,150,150,150,150,3,9,0,1,2,0,10,150,-85,-64,-40,-25,0,-95,-58,-33,-21,-12,5,-85,-64,-40,-25,0,-95,-59,-32,-20,-12,5,230,230,120,120,2,0,4,0,2,0,4,0,-10,-20,25,150,-1,300
AMB,1,9,9,9,4,2,4,5,5,4,-14,-13,-19,-21,-19,-18,-13,-12,-12,8,8,8,8,10,10,20,20,20,150,150,150,150,150,150,150,150,150,3,9,0,1,0,-2,10,150,-85,-64,-40,-25,0,-95,-58,-30,-18,-11,5,-85,-64,-40,-25,0,-95,-59,-30,-20,-11,5,230,230,120,120,2,0,4,0,2,0,4,0,-10,-20,25,150,-1,300
AMAM,1,1,180,190,1,1,345,140,-6,1,515,180,-6,1,710,210,-8,1,990,280,-5,1,2500,1400,-14,1,4350,1500,2,1,6600,1600,2,1,8000,1000,2,1,9500,1600,-6,1,13600,2200,-7,2,14500,1200,2,0,5800,1600,1,0,9600,2400,3,0,1600,400,-2,0,3100,700,2,0,6500,800,-2,0,12000,4000,-2,0,1500,1000,-1,0,1000,200,7
AMAP,1,1,180,190,1,1,345,140,-9,1,515,180,-11,1,710,210,-14,1,990,280,-9,1,2500,1400,-18,1,4350,1500,2,1,6600,1600,2,1,8000,1000,2,1,9500,1600,-7,1,13600,2200,-7,2,14500,1200,2,0,5800,1600,1,0,9600,2400,3,0,1600,400,-2,0,3100,700,2,0,6500,800,-2,0,12000,4000,-2,0,1500,1000,-1,0,1000,200,7
AMAC,1,1,180,190,1,1,345,140,-6,1,515,180,-6,1,710,210,-8,1,990,280,-3,1,2500,1400,-13,1,4350,1500,2,1,6600,1600,2,1,8000,1000,2,1,9500,1600,-6,1,13600,2200,-7,2,14500,1200,2,0,5800,1600,1,0,9600,2400,3,0,1600,400,-2,0,3100,700,2,0,6500,800,-2,0,12000,4000,-2,0,1500,1000,-1,0,1000,200,7
AMAB,1,1,180,190,1,1,345,140,-6,1,515,180,-7,1,710,210,-9,1,990,280,-6,1,2500,1400,-15,1,4350,1500,2,1,6600,1600,2,1,8000,1000,2,1,9500,1600,-6,1,13600,2200,-7,2,14500,1200,2,0,5800,1600,1,0,9600,2400,3,0,1600,400,-2,0,3100,700,2,0,6500,800,-2,0,12000,4000,-2,0,1500,1000,-1,0,1000,200,7

BFH,1,55,1
BFM,1,9,9,9,5,3,6,3,3,4,-13,-10,-12,-16,-15,-13,-13,-13,-11,8,8,8,8,10,120,20,20,20,150,150,150,150,150,150,150,150,150,3,9,0,1,1,0,10,150,-85,-64,-40,-25,0,-95,-58,-30,-19,-11,5,-85,-64,-40,-25,0,-95,-59,-30,-17,-10,5,230,230,120,120,2,0,4,0,2,0,4,0,-10,-20,25,150,-1,300
BFP,1,9,9,9,5,3,6,3,3,4,-14,-12,-17,-22,-20,-17,-14,-13,-11,8,8,8,8,10,120,20,20,20,150,150,150,150,150,150,150,150,150,3,8,0,1,0,-2,10,150,-85,-64,-40,-25,0,-95,-58,-30,-20,-12,5,-85,-64,-40,-25,0,-95,-59,-30,-19,-13,5,230,230,120,120,2,0,4,0,2,0,4,0,-10,-20,25,150,-1,300
BFC,1,6,7,9,7,7,9,3,1,1,-13,-10,-12,-15,-14,-11,-11,-13,-11,8,8,8,8,10,120,20,20,20,150,150,150,150,150,150,150,150,150,3,9,0,1,2,0,10,150,-85,-64,-40,-25,0,-95,-58,-33,-21,-12,5,-85,-64,-40,-25,0,-95,-59,-32,-20,-12,5,230,230,120,120,2,0,4,0,2,0,4,0,-10,-20,25,150,-1,300
BFB,1,9,9,9,5,3,6,3,3,4,-13,-10,-13,-17,-16,-14,-13,-13,-11,8,8,8,8,10,120,20,20,20,150,150,150,150,150,150,150,150,150,3,9,0,1,1,-1,10,150,-85,-64,-40,-25,0,-95,-58,-30,-19,-11,5,-85,-64,-40,-25,0,-95,-59,-30,-18,-10,5,230,230,120,120,2,0,4,0,2,0,4,0,-10,-20,25,150,-1,300
BFAM,1,1,175,170,4,1,300,80,-3,1,395,120,-3,1,535,160,-5,1,725,230,-7,1,1030,320,-6,1,1900,1200,2,1,4250,1300,-16,1,5850,1200,-2,1,9400,1800,-5,1,10900,1600,-9,1,13100,2400,2,2,14500,2800,2,0,1600,400,-2,0,3100,700,2,0,6500,800,-2,0,12000,4000,-2,0,1500,1000,-1,0,1000,200,7,0,7300,1800,1
BFAP,1,1,175,170,4,1,300,80,-4,1,395,120,-5,1,535,160,-9,1,725,230,-12,1,1030,320,-9,1,1900,1200,0,1,4250,1300,-16,1,5850,1200,-2,1,9400,1800,-6,1,10900,1600,-9,1,13100,2400,2,2,14500,2800,2,0,1600,400,-2,0,3100,700,2,0,6500,800,-2,0,12000,4000,-2,0,1500,1000,-1,0,1000,200,7,0,7300,1800,1
BFAC,1,1,175,170,4,1,300,80,-3,1,395,120,-3,1,535,160,-5,1,725,230,-7,1,1030,320,-5,1,1900,1200,2,1,4250,1300,-16,1,5850,1200,-2,1,9400,1800,-5,1,10900,1600,-9,1,13100,2400,2,2,14500,2800,2,0,1600,400,-2,0,3100,700,2,0,6500,800,-2,0,12000,4000,-2,0,1500,1000,-1,0,1000,200,7,0,7300,1800,1
BFAB,1,1,175,170,4,1,300,80,-4,1,395,120,-4,1,535,160,-6,1,725,230,-8,1,1030,320,-5,1,1900,1200,2,1,4250,1300,-16,1,5850,1200,-2,1,9400,1800,-5,1,10900,1600,-9,1,13100,2400,2,2,14500,2800,2,0,1600,400,-2,0,3100,700,2,0,6500,800,-2,0,12000,4000,-2,0,1500,1000,-1,0,1000,200,7,0,7300,1800,1
BMH,1,55,1
BMM,1,9,9,9,5,3,6,3,3,4,-13,-10,-12,-16,-15,-13,-13,-13,-11,8,8,8,8,10,120,20,20,20,150,150,150,150,150,150,150,150,150,3,9,0,1,1,0,10,150,-85,-64,-40,-25,0,-95,-58,-30,-19,-11,5,-85,-64,-40,-25,0,-95,-59,-30,-17,-10,5,230,230,120,120,2,0,4,0,2,0,4,0,-10,-20,25,150,-1,300
BMP,1,9,9,9,5,3,6,3,3,4,-14,-12,-17,-22,-20,-17,-14,-13,-11,8,8,8,8,10,120,20,20,20,150,150,150,150,150,150,150,150,150,3,8,0,1,0,-2,10,150,-85,-64,-40,-25,0,-95,-58,-30,-20,-12,5,-85,-64,-40,-25,0,-95,-59,-30,-19,-13,5,230,230,120,120,2,0,4,0,2,0,4,0,-10,-20,25,150,-1,300
BMC,1,6,7,9,7,7,9,3,1,1,-13,-10,-12,-15,-14,-11,-11,-13,-11,8,8,8,8,10,120,20,20,20,150,150,150,150,150,150,150,150,150,3,9,0,1,2,0,10,150,-85,-64,-40,-25,0,-95,-58,-33,-21,-12,5,-85,-64,-40,-25,0,-95,-59,-32,-20,-12,5,230,230,120,120,2,0,4,0,2,0,4,0,-10,-20,25,150,-1,300
BMB,1,9,9,9,5,3,6,3,3,4,-13,-10,-13,-17,-16,-14,-13,-13,-11,8,8,8,8,10,120,20,20,20,150,150,150,150,150,150,150,150,150,3,9,0,1,1,-1,10,150,-85,-64,-40,-25,0,-95,-58,-30,-19,-11,5,-85,-64,-40,-25,0,-95,-59,-30,-18,-10,5,230,230,120,120,2,0,4,0,2,0,4,0,-10,-20,25,150,-1,300
BMAM,1,1,175,170,4,1,300,80,-3,1,395,120,-3,1,535,160,-5,1,725,230,-7,1,1030,320,-6,1,1900,1200,2,1,4250,1300,-16,1,5850,1200,-2,1,9400,1800,-5,1,10900,1600,-9,1,13100,2400,2,2,14500,2800,2,0,1600,400,-2,0,3100,700,2,0,6500,800,-2,0,12000,4000,-2,0,1500,1000,-1,0,1000,200,7,0,7300,1800,1
BMAP,1,1,175,170,4,1,300,80,-4,1,395,120,-5,1,535,160,-9,1,725,230,-12,1,1030,320,-9,1,1900,1200,0,1,4250,1300,-16,1,5850,1200,-2,1,9400,1800,-6,1,10900,1600,-9,1,13100,2400,2,2,14500,2800,2,0,1600,400,-2,0,3100,700,2,0,6500,800,-2,0,12000,4000,-2,0,1500,1000,-1,0,1000,200,7,0,7300,1800,1
BMAC,1,1,175,170,4,1,300,80,-3,1,395,120,-3,1,535,160,-5,1,725,230,-7,1,1030,320,-5,1,1900,1200,2,1,4250,1300,-16,1,5850,1200,-2,1,9400,1800,-5,1,10900,1600,-9,1,13100,2400,2,2,14500,2800,2,0,1600,400,-2,0,3100,700,2,0,6500,800,-2,0,12000,4000,-2,0,1500,1000,-1,0,1000,200,7,0,7300,1800,1
BMAB,1,1,175,170,4,1,300,80,-4,1,395,120,-4,1,535,160,-6,1,725,230,-8,1,1030,320,-5,1,1900,1200,2,1,4250,1300,-16,1,5850,1200,-2,1,9400,1800,-5,1,10900,1600,-9,1,13100,2400,2,2,14500,2800,2,0,1600,400,-2,0,3100,700,2,0,6500,800,-2,0,12000,4000,-2,0,1500,1000,-1,0,1000,200,7,0,7300,1800,1

CFH,1,50,0
CFM,0,0,0,0,0,0,0,0,0,0,0,0,0,0,0,0,0,0,0,0,0,0,0,0,0,0,0,0,0,0,0,0,0,0,0,0,0,0,0,0,0,0,0,0,0,0,0,0,0,0,0,0,0,0,0,0,0,0,0,0,0,0,0,0,0,0,0,0,0,0,0,0,0,0,0,0,0,0,0,0,0,0,0,0,100
CFP,0,0,0,0,0,0,0,0,0,0,0,0,0,0,0,0,0,0,0,0,0,0,0,0,0,0,0,0,0,0,0,0,0,0,0,0,0,0,0,0,0,0,0,0,0,0,0,0,0,0,0,0,0,0,0,0,0,0,0,0,0,0,0,0,0,0,0,0,0,0,0,0,0,0,0,0,0,0,0,0,0,0,0,0,100
CFC,0,0,0,0,0,0,0,0,0,0,0,0,0,0,0,0,0,0,0,0,0,0,0,0,0,0,0,0,0,0,0,0,0,0,0,0,0,0,0,0,0,0,0,0,0,0,0,0,0,0,0,0,0,0,0,0,0,0,0,0,0,0,0,0,0,0,0,0,0,0,0,0,0,0,0,0,0,0,0,0,0,0,0,0,100
CFB,0,0,0,0,0,0,0,0,0,0,0,0,0,0,0,0,0,0,0,0,0,0,0,0,0,0,0,0,0,0,0,0,0,0,0,0,0,0,0,0,0,0,0,0,0,0,0,0,0,0,0,0,0,0,0,0,0,0,0,0,0,0,0,0,0,0,0,0,0,0,0,0,0,0,0,0,0,0,0,0,0,0,0,0,100
CFAM,0,0,800,200,0,0,800,200,0,0,800,200,0,0,800,200,0,0,800,200,0,0,800,200,0,0,800,200,0,0,800,200,0,0,800,200,0,0,800,200,0,0,800,200,0,0,800,200,0,0,800,200,0,0,800,200,0,0,800,200,0,0,800,200,0,0,800,200,0,0,800,200,0,0,800,200,0,0,800,200,0
CFAP,0,0,800,200,0,0,800,200,0,0,800,200,0,0,800,200,0,0,800,200,0,0,800,200,0,0,800,200,0,0,800,200,0,0,800,200,0,0,800,200,0,0,800,200,0,0,800,200,0,0,800,200,0,0,800,200,0,0,800,200,0,0,800,200,0,0,800,200,0,0,800,200,0,0,800,200,0,0,800,200,0
CFAC,0,0,800,200,0,0,800,200,0,0,800,200,0,0,800,200,0,0,800,200,0,0,800,200,0,0,800,200,0,0,800,200,0,0,800,200,0,0,800,200,0,0,800,200,0,0,800,200,0,0,800,200,0,0,800,200,0,0,800,200,0,0,800,200,0,0,800,200,0,0,800,200,0,0,800,200,0,0,800,200,0
CFAB,0,0,800,200,0,0,800,200,0,0,800,200,0,0,800,200,0,0,800,200,0,0,800,200,0,0,800,200,0,0,800,200,0,0,800,200,0,0,800,200,0,0,800,200,0,0,800,200,0,0,800,200,0,0,800,200,0,0,800,200,0,0,800,200,0,0,800,200,0,0,800,200,0,0,800,200,0,0,800,200,0
CMH,1,50,0
CMM,0,0,0,0,0,0,0,0,0,0,0,0,0,0,0,0,0,0,0,0,0,0,0,0,0,0,0,0,0,0,0,0,0,0,0,0,0,0,0,0,0,0,0,0,0,0,0,0,0,0,0,0,0,0,0,0,0,0,0,0,0,0,0,0,0,0,0,0,0,0,0,0,0,0,0,0,0,0,0,0,0,0,0,0,100
CMP,0,0,0,0,0,0,0,0,0,0,0,0,0,0,0,0,0,0,0,0,0,0,0,0,0,0,0,0,0,0,0,0,0,0,0,0,0,0,0,0,0,0,0,0,0,0,0,0,0,0,0,0,0,0,0,0,0,0,0,0,0,0,0,0,0,0,0,0,0,0,0,0,0,0,0,0,0,0,0,0,0,0,0,0,100
CMC,0,0,0,0,0,0,0,0,0,0,0,0,0,0,0,0,0,0,0,0,0,0,0,0,0,0,0,0,0,0,0,0,0,0,0,0,0,0,0,0,0,0,0,0,0,0,0,0,0,0,0,0,0,0,0,0,0,0,0,0,0,0,0,0,0,0,0,0,0,0,0,0,0,0,0,0,0,0,0,0,0,0,0,0,100
CMB,0,0,0,0,0,0,0,0,0,0,0,0,0,0,0,0,0,0,0,0,0,0,0,0,0,0,0,0,0,0,0,0,0,0,0,0,0,0,0,0,0,0,0,0,0,0,0,0,0,0,0,0,0,0,0,0,0,0,0,0,0,0,0,0,0,0,0,0,0,0,0,0,0,0,0,0,0,0,0,0,0,0,0,0,100
CMAM,0,0,800,200,0,0,800,200,0,0,800,200,0,0,800,200,0,0,800,200,0,0,800,200,0,0,800,200,0,0,800,200,0,0,800,200,0,0,800,200,0,0,800,200,0,0,800,200,0,0,800,200,0,0,800,200,0,0,800,200,0,0,800,200,0,0,800,200,0,0,800,200,0,0,800,200,0,0,800,200,0
CMAP,0,0,800,200,0,0,800,200,0,0,800,200,0,0,800,200,0,0,800,200,0,0,800,200,0,0,800,200,0,0,800,200,0,0,800,200,0,0,800,200,0,0,800,200,0,0,800,200,0,0,800,200,0,0,800,200,0,0,800,200,0,0,800,200,0,0,800,200,0,0,800,200,0,0,800,200,0,0,800,200,0
CMAC,0,0,800,200,0,0,800,200,0,0,800,200,0,0,800,200,0,0,800,200,0,0,800,200,0,0,800,200,0,0,800,200,0,0,800,200,0,0,800,200,0,0,800,200,0,0,800,200,0,0,800,200,0,0,800,200,0,0,800,200,0,0,800,200,0,0,800,200,0,0,800,200,0,0,800,200,0,0,800,200,0
CMAB,0,0,800,200,0,0,800,200,0,0,800,200,0,0,800,200,0,0,800,200,0,0,800,200,0,0,800,200,0,0,800,200,0,0,800,200,0,0,800,200,0,0,800,200,0,0,800,200,0,0,800,200,0,0,800,200,0,0,800,200,0,0,800,200,0,0,800,200,0,0,800,200,0,0,800,200,0,0,800,200,0

DFH,1,50,0
DFM,0,0,0,0,0,0,0,0,0,0,0,0,0,0,0,0,0,0,0,0,0,0,0,0,0,0,0,0,0,0,0,0,0,0,0,0,0,0,0,0,0,0,0,0,0,0,0,0,0,0,0,0,0,0,0,0,0,0,0,0,0,0,0,0,0,0,0,0,0,0,0,0,0,0,0,0,0,0,0,0,0,0,0,0,100
DFP,0,0,0,0,0,0,0,0,0,0,0,0,0,0,0,0,0,0,0,0,0,0,0,0,0,0,0,0,0,0,0,0,0,0,0,0,0,0,0,0,0,0,0,0,0,0,0,0,0,0,0,0,0,0,0,0,0,0,0,0,0,0,0,0,0,0,0,0,0,0,0,0,0,0,0,0,0,0,0,0,0,0,0,0,100
DFC,0,0,0,0,0,0,0,0,0,0,0,0,0,0,0,0,0,0,0,0,0,0,0,0,0,0,0,0,0,0,0,0,0,0,0,0,0,0,0,0,0,0,0,0,0,0,0,0,0,0,0,0,0,0,0,0,0,0,0,0,0,0,0,0,0,0,0,0,0,0,0,0,0,0,0,0,0,0,0,0,0,0,0,0,100
DFB,0,0,0,0,0,0,0,0,0,0,0,0,0,0,0,0,0,0,0,0,0,0,0,0,0,0,0,0,0,0,0,0,0,0,0,0,0,0,0,0,0,0,0,0,0,0,0,0,0,0,0,0,0,0,0,0,0,0,0,0,0,0,0,0,0,0,0,0,0,0,0,0,0,0,0,0,0,0,0,0,0,0,0,0,100
DFAM,0,0,800,200,0,0,800,200,0,0,800,200,0,0,800,200,0,0,800,200,0,0,800,200,0,0,800,200,0,0,800,200,0,0,800,200,0,0,800,200,0,0,800,200,0,0,800,200,0,0,800,200,0,0,800,200,0,0,800,200,0,0,800,200,0,0,800,200,0,0,800,200,0,0,800,200,0,0,800,200,0
DFAP,0,0,800,200,0,0,800,200,0,0,800,200,0,0,800,200,0,0,800,200,0,0,800,200,0,0,800,200,0,0,800,200,0,0,800,200,0,0,800,200,0,0,800,200,0,0,800,200,0,0,800,200,0,0,800,200,0,0,800,200,0,0,800,200,0,0,800,200,0,0,800,200,0,0,800,200,0,0,800,200,0
DFAC,0,0,800,200,0,0,800,200,0,0,800,200,0,0,800,200,0,0,800,200,0,0,800,200,0,0,800,200,0,0,800,200,0,0,800,200,0,0,800,200,0,0,800,200,0,0,800,200,0,0,800,200,0,0,800,200,0,0,800,200,0,0,800,200,0,0,800,200,0,0,800,200,0,0,800,200,0,0,800,200,0
DFAB,0,0,800,200,0,0,800,200,0,0,800,200,0,0,800,200,0,0,800,200,0,0,800,200,0,0,800,200,0,0,800,200,0,0,800,200,0,0,800,200,0,0,800,200,0,0,800,200,0,0,800,200,0,0,800,200,0,0,800,200,0,0,800,200,0,0,800,200,0,0,800,200,0,0,800,200,0,0,800,200,0
DMH,1,50,0
DMM,0,0,0,0,0,0,0,0,0,0,0,0,0,0,0,0,0,0,0,0,0,0,0,0,0,0,0,0,0,0,0,0,0,0,0,0,0,0,0,0,0,0,0,0,0,0,0,0,0,0,0,0,0,0,0,0,0,0,0,0,0,0,0,0,0,0,0,0,0,0,0,0,0,0,0,0,0,0,0,0,0,0,0,0,100
DMP,0,0,0,0,0,0,0,0,0,0,0,0,0,0,0,0,0,0,0,0,0,0,0,0,0,0,0,0,0,0,0,0,0,0,0,0,0,0,0,0,0,0,0,0,0,0,0,0,0,0,0,0,0,0,0,0,0,0,0,0,0,0,0,0,0,0,0,0,0,0,0,0,0,0,0,0,0,0,0,0,0,0,0,0,100
DMC,0,0,0,0,0,0,0,0,0,0,0,0,0,0,0,0,0,0,0,0,0,0,0,0,0,0,0,0,0,0,0,0,0,0,0,0,0,0,0,0,0,0,0,0,0,0,0,0,0,0,0,0,0,0,0,0,0,0,0,0,0,0,0,0,0,0,0,0,0,0,0,0,0,0,0,0,0,0,0,0,0,0,0,0,100
DMB,0,0,0,0,0,0,0,0,0,0,0,0,0,0,0,0,0,0,0,0,0,0,0,0,0,0,0,0,0,0,0,0,0,0,0,0,0,0,0,0,0,0,0,0,0,0,0,0,0,0,0,0,0,0,0,0,0,0,0,0,0,0,0,0,0,0,0,0,0,0,0,0,0,0,0,0,0,0,0,0,0,0,0,0,100
DMAM,0,0,800,200,0,0,800,200,0,0,800,200,0,0,800,200,0,0,800,200,0,0,800,200,0,0,800,200,0,0,800,200,0,0,800,200,0,0,800,200,0,0,800,200,0,0,800,200,0,0,800,200,0,0,800,200,0,0,800,200,0,0,800,200,0,0,800,200,0,0,800,200,0,0,800,200,0,0,800,200,0
DMAP,0,0,800,200,0,0,800,200,0,0,800,200,0,0,800,200,0,0,800,200,0,0,800,200,0,0,800,200,0,0,800,200,0,0,800,200,0,0,800,200,0,0,800,200,0,0,800,200,0,0,800,200,0,0,800,200,0,0,800,200,0,0,800,200,0,0,800,200,0,0,800,200,0,0,800,200,0,0,800,200,0
DMAC,0,0,800,200,0,0,800,200,0,0,800,200,0,0,800,200,0,0,800,200,0,0,800,200,0,0,800,200,0,0,800,200,0,0,800,200,0,0,800,200,0,0,800,200,0,0,800,200,0,0,800,200,0,0,800,200,0,0,800,200,0,0,800,200,0,0,800,200,0,0,800,200,0,0,800,200,0,0,800,200,0
DMAB,0,0,800,200,0,0,800,200,0,0,800,200,0,0,800,200,0,0,800,200,0,0,800,200,0,0,800,200,0,0,800,200,0,0,800,200,0,0,800,200,0,0,800,200,0,0,800,200,0,0,800,200,0,0,800,200,0,0,800,200,0,0,800,200,0,0,800,200,0,0,800,200,0,0,800,200,0,0,800,200,0

EAFA,1,1,240,360,20,1,550,620,10,1,3000,3000,8,1,6400,4000,9,1,10000,5000,11,0,0,0,1,50,1
EAFB,1,1,240,360,18,1,550,620,9,1,3000,3000,8,1,6400,4000,8,1,10000,5000,10,0,0,0,1,55,1
EAFC,1,1,240,360,17,1,550,620,8,1,3000,3000,7,1,6400,4000,8,1,10000,5000,9,0,0,0,1,60,1
EAFD,1,1,240,360,15,1,550,620,8,1,3000,3000,7,1,6400,4000,8,1,10000,5000,8,0,0,0,1,65,1
EAFE,1,1,240,360,13,1,550,620,7,1,3000,3000,7,1,6400,4000,7,1,10000,5000,7,0,0,0,1,70,1
EAFF,1,1,240,360,12,1,550,620,6,1,3000,3000,6,1,6400,4000,6,1,10000,5000,6,0,0,0,1,75,1
EAFG,1,1,240,360,10,1,550,620,5,1,3000,3000,6,1,6400,4000,5,1,10000,5000,5,0,0,0,1,80,1
EAFH,1,1,240,360,9,1,550,620,5,1,3000,3000,5,1,6400,4000,5,1,10000,5000,5,0,0,0,1,82,1
EAFI,1,1,240,360,8,1,550,620,4,1,3000,3000,5,1,6400,4000,4,1,10000,5000,4,0,0,0,1,85,1
EAFJ,1,1,240,360,7,1,550,620,3,1,3000,3000,4,1,6400,4000,4,1,10000,5000,3,0,0,0,1,87,1
EAFK,1,1,240,360,6,1,550,620,3,1,3000,3000,3,1,6400,4000,3,1,10000,5000,3,0,-2,0,1,90,1
EAFL,1,1,240,360,5,1,550,620,2,1,3000,3000,3,1,6400,4000,3,1,10000,5000,2,0,-4,0,1,92,1
EAFM,1,1,240,360,4,1,550,620,2,1,3000,3000,2,1,6400,4000,2,1,10000,5000,2,0,-6,0,1,95,1
EAFN,1,1,240,360,3,1,550,620,1,1,3000,3000,1,1,6400,4000,1,1,10000,5000,1,0,-7,0,1,97,1
EAFO,1,1,240,360,0,1,550,620,0,1,3000,3000,0,1,6400,4000,0,1,10000,5000,0,0,-8,0,1,100,1

EAMA,1,1,240,360,20,1,550,620,10,1,3000,3000,8,1,6400,4000,9,1,10000,5000,11,0,0,0,1,50,1
EAMB,1,1,240,360,18,1,550,620,9,1,3000,3000,8,1,6400,4000,8,1,10000,5000,10,0,0,0,1,55,1
EAMC,1,1,240,360,17,1,550,620,8,1,3000,3000,7,1,6400,4000,8,1,10000,5000,9,0,0,0,1,60,1
EAMD,1,1,240,360,15,1,550,620,8,1,3000,3000,7,1,6400,4000,8,1,10000,5000,8,0,0,0,1,65,1
EAME,1,1,240,360,13,1,550,620,7,1,3000,3000,7,1,6400,4000,7,1,10000,5000,7,0,0,0,1,70,1
EAMF,1,1,240,360,12,1,550,620,6,1,3000,3000,6,1,6400,4000,6,1,10000,5000,6,0,0,0,1,75,1
EAMG,1,1,240,360,10,1,550,620,5,1,3000,3000,6,1,6400,4000,5,1,10000,5000,5,0,0,0,1,80,1
EAMH,1,1,240,360,9,1,550,620,5,1,3000,3000,5,1,6400,4000,5,1,10000,5000,5,0,0,0,1,82,1
EAMI,1,1,240,360,8,1,550,620,4,1,3000,3000,5,1,6400,4000,5,1,10000,5000,4,0,0,0,1,85,1
EAMJ,1,1,240,360,7,1,550,620,3,1,3000,3000,4,1,6400,4000,4,1,10000,5000,3,0,0,0,1,87,1
EAMK,1,1,240,360,6,1,550,620,3,1,3000,3000,3,1,6400,4000,3,1,10000,5000,3,0,-2,0,1,90,1
EAML,1,1,240,360,5,1,550,620,2,1,3000,3000,3,1,6400,4000,3,1,10000,5000,2,0,-4,0,1,92,1
EAMM,1,1,240,360,4,1,550,620,2,1,3000,3000,2,1,6400,4000,2,1,10000,5000,2,0,-6,0,1,95,1
EAMN,1,1,240,360,3,1,550,620,1,1,3000,3000,1,1,6400,4000,1,1,10000,5000,1,0,-7,0,1,97,1
EAMO,1,1,240,360,0,1,550,620,0,1,3000,3000,0,1,6400,4000,0,1,10000,5000,0,0,-8,0,1,100,1

EBFA,1,1,240,360,20,1,450,520,12,1,3000,3000,8,1,6400,4000,9,1,10000,5000,11,0,0,0,1,50,1
EBFB,1,1,240,360,18,1,450,520,11,1,3000,3000,8,1,6400,4000,8,1,10000,500,10,0,0,0,1,55,1
EBFC,1,1,240,360,17,1,450,520,10,1,3000,3000,7,1,6400,4000,8,1,10000,500,9,0,0,0,1,60,1
EBFD,1,1,240,360,15,1,450,520,9,1,3000,3000,7,1,6400,4000,7,1,10000,5000,8,0,0,0,1,65,1
EBFE,1,1,240,360,13,1,450,520,8,1,3000,3000,7,1,6400,4000,7,1,10000,5000,7,0,0,0,1,70,1
EBFF,1,1,240,360,12,1,450,520,7,1,3000,3000,6,1,6400,4000,6,1,10000,5000,6,0,0,0,1,75,1
EBFG,1,1,240,360,10,1,450,520,6,1,3000,3000,6,1,6400,4000,5,1,10000,5000,5,0,0,0,1,80,1
EBFH,1,1,240,360,9,1,450,520,5,1,3000,3000,5,1,6400,4000,5,1,10000,5000,5,0,0,0,1,82,1
EBFI,1,1,240,360,8,1,450,520,4,1,3000,3000,5,1,6400,4000,4,1,10000,5000,4,0,0,0,1,85,1
EBFJ,1,1,240,360,7,1,450,520,3,1,3000,3000,4,1,6400,4000,4,1,10000,5000,3,0,0,0,1,87,1
EBFK,1,1,240,360,6,1,450,520,3,1,3000,3000,3,1,6400,4000,3,1,10000,5000,3,0,-1,0,1,90,1
EBFL,1,1,240,360,5,1,450,520,2,1,3000,3000,3,1,6400,4000,3,1,10000,5000,2,0,-2,0,1,92,1
EBFM,1,1,240,360,4,1,450,520,2,1,3000,3000,2,1,6400,4000,2,1,10000,5000,2,0,-3,0,1,95,1
EBFN,1,1,240,360,3,1,450,520,1,1,3000,3000,1,1,6400,4000,1,1,10000,5000,1,0,-4,0,1,97,1
EBFO,1,1,240,360,0,1,450,520,0,1,3000,3000,0,1,6400,4000,0,1,10000,5000,0,0,-5,0,1,100,1

EBMA,1,1,240,360,20,1,450,520,12,1,3000,3000,8,1,6400,4000,9,1,10000,5000,11,0,0,0,1,50,1
EBMB,1,1,240,360,18,1,450,520,11,1,3000,3000,8,1,6400,4000,8,1,10000,500,10,0,0,0,1,55,1
EBMC,1,1,240,360,17,1,450,520,10,1,3000,3000,7,1,6400,4000,8,1,10000,500,9,0,0,0,1,60,1
EBMD,1,1,240,360,15,1,450,520,9,1,3000,3000,7,1,6400,4000,7,1,10000,5000,8,0,0,0,1,65,1
EBME,1,1,240,360,13,1,450,520,8,1,3000,3000,7,1,6400,4000,7,1,10000,5000,7,0,0,0,1,70,1
EBMF,1,1,240,360,12,1,450,520,7,1,3000,3000,6,1,6400,4000,6,1,10000,5000,6,0,0,0,1,75,1
EBMG,1,1,240,360,10,1,450,520,6,1,3000,3000,6,1,6400,4000,5,1,10000,5000,5,0,0,0,1,80,1
EBMH,1,1,240,360,9,1,450,520,5,1,3000,3000,5,1,6400,4000,5,1,10000,5000,5,0,0,0,1,82,1
EBMI,1,1,240,360,8,1,450,520,4,1,3000,3000,5,1,6400,4000,4,1,10000,5000,4,0,0,0,1,85,1
EBMJ,1,1,240,360,7,1,450,520,3,1,3000,3000,4,1,6400,4000,4,1,10000,5000,3,0,0,0,1,87,1
EBMK,1,1,240,360,6,1,450,520,3,1,3000,3000,3,1,6400,4000,3,1,10000,5000,3,0,-1,0,1,90,1
EBML,1,1,240,360,5,1,450,520,2,1,3000,3000,3,1,6400,4000,3,1,10000,5000,2,0,-2,0,1,92,1
EBMM,1,1,240,360,4,1,450,520,2,1,3000,3000,2,1,6400,4000,2,1,10000,5000,2,0,-3,0,1,95,1
EBMN,1,1,240,360,3,1,450,520,1,1,3000,3000,1,1,6400,4000,1,1,10000,5000,1,0,-4,0,1,97,1
EBMO,1,1,240,360,0,1,450,520,0,1,3000,3000,0,1,6400,4000,0,1,10000,5000,0,0,-5,0,1,100,1

ECFA,0,0,800,200,0,0,800,200,0,0,800,200,0,0,800,200,0,0,800,200,0,0,0,0,1,50,0
ECFB,0,0,800,200,0,0,800,200,0,0,800,200,0,0,800,200,0,0,800,200,0,0,0,0,1,50,0
ECFC,0,0,800,200,0,0,800,200,0,0,800,200,0,0,800,200,0,0,800,200,0,0,0,0,1,50,0
ECFD,0,0,800,200,0,0,800,200,0,0,800,200,0,0,800,200,0,0,800,200,0,0,0,0,1,50,0
ECFE,0,0,800,200,0,0,800,200,0,0,800,200,0,0,800,200,0,0,800,200,0,0,0,0,1,50,0
ECFF,0,0,800,200,0,0,800,200,0,0,800,200,0,0,800,200,0,0,800,200,0,0,0,0,1,50,0
ECFG,0,0,800,200,0,0,800,200,0,0,800,200,0,0,800,200,0,0,800,200,0,0,0,0,1,50,0
ECFH,0,0,800,200,0,0,800,200,0,0,800,200,0,0,800,200,0,0,800,200,0,0,0,0,1,50,0
ECFI,0,0,800,200,0,0,800,200,0,0,800,200,0,0,800,200,0,0,800,200,0,0,0,0,1,50,0
ECFJ,0,0,800,200,0,0,800,200,0,0,800,200,0,0,800,200,0,0,800,200,0,0,0,0,1,50,0
ECFK,0,0,800,200,0,0,800,200,0,0,800,200,0,0,800,200,0,0,800,200,0,0,0,0,1,50,0
ECFL,0,0,800,200,0,0,800,200,0,0,800,200,0,0,800,200,0,0,800,200,0,0,0,0,1,50,0
ECFM,0,0,800,200,0,0,800,200,0,0,800,200,0,0,800,200,0,0,800,200,0,0,0,0,1,50,0
ECFN,0,0,800,200,0,0,800,200,0,0,800,200,0,0,800,200,0,0,800,200,0,0,0,0,1,50,0
ECFO,0,0,800,200,0,0,800,200,0,0,800,200,0,0,800,200,0,0,800,200,0,0,0,0,1,50,0

ECMA,0,0,800,200,0,0,800,200,0,0,800,200,0,0,800,200,0,0,800,200,0,0,0,0,1,50,0
ECMB,0,0,800,200,0,0,800,200,0,0,800,200,0,0,800,200,0,0,800,200,0,0,0,0,1,50,0
ECMC,0,0,800,200,0,0,800,200,0,0,800,200,0,0,800,200,0,0,800,200,0,0,0,0,1,50,0
ECMD,0,0,800,200,0,0,800,200,0,0,800,200,0,0,800,200,0,0,800,200,0,0,0,0,1,50,0
ECME,0,0,800,200,0,0,800,200,0,0,800,200,0,0,800,200,0,0,800,200,0,0,0,0,1,50,0
ECMF,0,0,800,200,0,0,800,200,0,0,800,200,0,0,800,200,0,0,800,200,0,0,0,0,1,50,0
ECMG,0,0,800,200,0,0,800,200,0,0,800,200,0,0,800,200,0,0,800,200,0,0,0,0,1,50,0
ECMH,0,0,800,200,0,0,800,200,0,0,800,200,0,0,800,200,0,0,800,200,0,0,0,0,1,50,0
ECMI,0,0,800,200,0,0,800,200,0,0,800,200,0,0,800,200,0,0,800,200,0,0,0,0,1,50,0
ECMJ,0,0,800,200,0,0,800,200,0,0,800,200,0,0,800,200,0,0,800,200,0,0,0,0,1,50,0
ECMK,0,0,800,200,0,0,800,200,0,0,800,200,0,0,800,200,0,0,800,200,0,0,0,0,1,50,0
ECML,0,0,800,200,0,0,800,200,0,0,800,200,0,0,800,200,0,0,800,200,0,0,0,0,1,50,0
ECMM,0,0,800,200,0,0,800,200,0,0,800,200,0,0,800,200,0,0,800,200,0,0,0,0,1,50,0
ECMN,0,0,800,200,0,0,800,200,0,0,800,200,0,0,800,200,0,0,800,200,0,0,0,0,1,50,0
ECMO,0,0,800,200,0,0,800,200,0,0,800,200,0,0,800,200,0,0,800,200,0,0,0,0,1,50,0

EDFA,0,0,800,200,0,0,800,200,0,0,800,200,0,0,800,200,0,0,800,200,0,0,0,0,1,50,0
EDFB,0,0,800,200,0,0,800,200,0,0,800,200,0,0,800,200,0,0,800,200,0,0,0,0,1,50,0
EDFC,0,0,800,200,0,0,800,200,0,0,800,200,0,0,800,200,0,0,800,200,0,0,0,0,1,50,0
EDFD,0,0,800,200,0,0,800,200,0,0,800,200,0,0,800,200,0,0,800,200,0,0,0,0,1,50,0
EDFE,0,0,800,200,0,0,800,200,0,0,800,200,0,0,800,200,0,0,800,200,0,0,0,0,1,50,0
EDFF,0,0,800,200,0,0,800,200,0,0,800,200,0,0,800,200,0,0,800,200,0,0,0,0,1,50,0
EDFG,0,0,800,200,0,0,800,200,0,0,800,200,0,0,800,200,0,0,800,200,0,0,0,0,1,50,0
EDFH,0,0,800,200,0,0,800,200,0,0,800,200,0,0,800,200,0,0,800,200,0,0,0,0,1,50,0
EDFI,0,0,800,200,0,0,800,200,0,0,800,200,0,0,800,200,0,0,800,200,0,0,0,0,1,50,0
EDFJ,0,0,800,200,0,0,800,200,0,0,800,200,0,0,800,200,0,0,800,200,0,0,0,0,1,50,0
EDFK,0,0,800,200,0,0,800,200,0,0,800,200,0,0,800,200,0,0,800,200,0,0,0,0,1,50,0
EDFL,0,0,800,200,0,0,800,200,0,0,800,200,0,0,800,200,0,0,800,200,0,0,0,0,1,50,0
EDFM,0,0,800,200,0,0,800,200,0,0,800,200,0,0,800,200,0,0,800,200,0,0,0,0,1,50,0
EDFN,0,0,800,200,0,0,800,200,0,0,800,200,0,0,800,200,0,0,800,200,0,0,0,0,1,50,0
EDFO,0,0,800,200,0,0,800,200,0,0,800,200,0,0,800,200,0,0,800,200,0,0,0,0,1,50,0

EDMA,0,0,800,200,0,0,800,200,0,0,800,200,0,0,800,200,0,0,800,200,0,0,0,0,1,50,0
EDMB,0,0,800,200,0,0,800,200,0,0,800,200,0,0,800,200,0,0,800,200,0,0,0,0,1,50,0
EDMC,0,0,800,200,0,0,800,200,0,0,800,200,0,0,800,200,0,0,800,200,0,0,0,0,1,50,0
EDMD,0,0,800,200,0,0,800,200,0,0,800,200,0,0,800,200,0,0,800,200,0,0,0,0,1,50,0
EDME,0,0,800,200,0,0,800,200,0,0,800,200,0,0,800,200,0,0,800,200,0,0,0,0,1,50,0
EDMF,0,0,800,200,0,0,800,200,0,0,800,200,0,0,800,200,0,0,800,200,0,0,0,0,1,50,0
EDMG,0,0,800,200,0,0,800,200,0,0,800,200,0,0,800,200,0,0,800,200,0,0,0,0,1,50,0
EDMH,0,0,800,200,0,0,800,200,0,0,800,200,0,0,800,200,0,0,800,200,0,0,0,0,1,50,0
EDMI,0,0,800,200,0,0,800,200,0,0,800,200,0,0,800,200,0,0,800,200,0,0,0,0,1,50,0
EDMJ,0,0,800,200,0,0,800,200,0,0,800,200,0,0,800,200,0,0,800,200,0,0,0,0,1,50,0
EDMK,0,0,800,200,0,0,800,200,0,0,800,200,0,0,800,200,0,0,800,200,0,0,0,0,1,50,0
EDML,0,0,800,200,0,0,800,200,0,0,800,200,0,0,800,200,0,0,800,200,0,0,0,0,1,50,0
EDMM,0,0,800,200,0,0,800,200,0,0,800,200,0,0,800,200,0,0,800,200,0,0,0,0,1,50,0
EDMN,0,0,800,200,0,0,800,200,0,0,800,200,0,0,800,200,0,0,800,200,0,0,0,0,1,50,0
EDMO,0,0,800,200,0,0,800,200,0,0,800,200,0,0,800,200,0,0,800,200,0,0,0,0,1,50,0

